70,50,52,43,44,35,49,58,57,65,66,75,74,41,40,32,31,22,23,7,6,15,14,-1
34,50,51,24,25,16,17,8,45,31,63,54,39,30,38,29,28,37,36,46,23,32,1
16,50,49,58,57,66,65,40,41,32,33,74,73,24,25,7,8,-1
29,50,47,73,65,56,48,57,63,64,72,55,54,46,45,37,36,28,27,10,19,11,20,12,13,21,22,30,9,38,18,1,0,-1
56,50,47,65,64,38,39,30,31,22,23,14,15,6,7,73,72,-1
40,50,57,66,65,73,74,48,49,6,23,7,13,14,22,4,5,32,31,-1
1,50,49,32,58,39,25,41,40,31,52,35,34,43,42,51,45,56,37,64,72,63,48,47,1
56,50,39,65,64,30,31,22,23,14,15,6,7,73,72,47,48,-1
40,50,57,23,17,74,44,64,67,30,8,34,24,32,33,41,42,51,43,61,36,52,47,20,19,46,38,37,29,28,21,4,12,3,14,11,13,58,66,5,6,56,48,76,75,-1
43,50,51,34,42,33,41,32,31,40,35,26,48,39,45,54,55,47,46,37,36,64,63,72,56,27,28,65,57,66,58,67,59,20,19,68,69,60,61,52,44,53,1
56,50,39,65,64,30,31,22,23,14,15,6,7,73,72,48,47,-1
24,50,49,58,57,66,65,74,73,41,40,32,31,22,23,14,7,15,16,-1
56,50,39,22,16,73,44,66,72,64,63,29,36,46,55,33,23,31,32,40,30,21,26,35,34,43,19,54,49,41,38,37,42,51,1
54,50,49,32,33,16,24,15,14,23,40,22,45,28,20,29,27,36,17,8,21,30,1
64,50,47,30,29,38,23,40,45,46,44,54,34,25,33,6,60,13,24,16,15,7,14,5,22,21,26,17,1
22,50,49,32,58,39,31,40,24,33,63,46,47,38,26,43,44,35,42,34,54,45,1
40,50,57,66,65,74,23,73,58,67,72,64,68,59,44,52,53,26,33,63,43,62,61,34,42,69,60,77,76,32,24,15,14,5,6,-1
32,50,49,58,57,66,65,74,73,6,7,24,23,15,5,14,22,13,21,12,20,11,19,10,25,16,18,9,17,8,1
40,50,49,23,24,66,58,67,65,57,56,48,47,7,8,39,38,21,30,22,16,31,59,68,60,69,61,70,29,20,28,19,62,71,27,18,1
39,50,48,57,56,65,64,73,72,30,22,31,16,38,32,40,24,41,33,42,46,37,43,34,45,36,26,35,1
1,50,51,42,43,34,35,26,55,64,63,72,65,56,48,57,49,58,1
24,50,49,58,57,66,65,40,41,15,16,74,73,32,33,7,8,-1
40,50,57,66,65,74,23,73,58,67,72,64,68,59,44,35,63,55,54,46,45,37,36,28,27,18,19,11,10,1,2,-1
24,50,49,58,57,66,65,74,73,40,41,32,33,15,16,7,8,-1
64,50,47,23,30,22,21,12,13,5,4,39,38,72,73,56,55,-1
32,50,49,58,57,66,65,23,24,15,16,74,73,7,8,41,40,-1
80,50,53,44,52,43,49,65,57,66,58,67,64,73,72,56,55,47,46,38,37,29,28,19,20,12,11,2,3,-1
69,50,51,42,43,34,35,26,58,49,47,56,55,64,72,63,48,57,1
66,50,49,40,41,32,33,24,25,16,8,17,48,39,38,47,55,46,54,45,1
24,50,49,58,57,74,66,7,8,40,41,16,17,34,75,25,6,15,14,23,22,47,31,32,48,39,46,55,54,63,26,35,1
72,50,49,58,57,66,65,41,40,74,31,64,73,4,14,5,6,22,23,-1
16,50,49,58,57,66,65,73,74,24,25,33,40,32,31,22,23,14,15,7,6,-1
32,50,49,58,57,66,65,23,74,24,17,8,22,31,39,30,16,7,15,25,26,34,35,43,29,38,44,52,53,61,62,70,71,6,14,5,13,4,3,12,20,21,37,46,54,45,1
76,50,49,58,51,42,35,43,44,52,53,61,62,26,34,70,71,25,33,24,23,32,40,31,30,39,55,38,37,46,45,54,1
16,50,49,58,57,74,66,40,41,32,33,75,67,76,73,65,68,77,69,78,70,79,64,56,55,48,46,29,28,37,30,38,71,80,47,39,45,36,1
3,50,48,57,56,65,64,39,72,40,38,47,46,55,63,54,16,33,32,41,34,25,26,17,1
48,50,57,31,37,24,46,20,27,10,21,4,14,29,30,39,38,47,55,64,56,74,67,22,13,66,58,65,75,6,5,-1
24,50,49,58,57,74,66,7,8,40,41,16,17,34,75,25,15,6,14,5,13,4,12,3,11,2,10,1,9,0,26,35,1
56,50,47,65,64,73,72,22,21,29,30,13,12,4,3,39,38,-1
24,50,49,58,57,74,64,7,14,40,41,66,73,65,56,16,23,6,5,32,33,-1
40,50,49,58,57,66,65,31,32,23,24,15,16,7,8,74,73,-1
64,50,47,31,37,30,20,38,46,29,28,55,56,72,73,3,10,4,11,2,1,-1
32,50,49,58,57,66,65,74,73,14,15,7,6,24,23,40,41,-1
40,50,49,58,57,66,65,31,32,23,24,15,16,7,8,74,73,-1
16,50,49,58,57,66,65,74,73,40,41,33,32,24,23,15,14,5,6,-1
